Calibration coefficients (a*x^2+b*x+c):
a = 4774718.447154509 +/- 14438.90277734416
a = 647780907.3027872 +/- 64800.94024374247
a = 377106808798776.8 +/- 249962.1240992481
